

=== 200 Hz ===
rea[9]:901.624817
frea[10]:657.858093
frea[11]:349.187042
frea[12]:232.936554
frea[13]:154.545013
frea[14]:93.350914

frea[26]:72.755318
frea[27]:103.028419
frea[28]:403.407684
frea[29]:66.810760


frea[45]:43.620079
frea[46]:156.450241
frea[47]:167.749207
frea[48]:76.572891
frea[49]:51.381744


=== 1000 Hz ===
frea[42]:110.173973
frea[43]:154.177139
frea[44]:172.156021
frea[45]:177.605438
frea[46]:721.026550
frea[47]:874.510071
frea[48]:356.243317
frea[49]:182.091553



=== 2000 Hz ===
frea[86]:14.721551
frea[87]:80.575134
frea[88]:53.425514
frea[89]:103.718201
frea[90]:68.287231
frea[91]:90.198013
frea[92]:622.030762
frea[93]:811.198853
frea[94]:89.233917
frea[95]:216.765945
frea[96]:76.860580
frea[97]:93.997597
frea[98]:38.590775

===== 6000 Hz ====
rea[274]:94.005424
frea[275]:161.302170
frea[276]:246.504211
frea[277]:370.557892
frea[278]:750.584290
frea[279]:755.414673
frea[280]:50.858215
frea[281]:102.534470
frea[282]:133.589157
frea[283]:135.365005
frea[284]:119.611977
frea[285]:92.972366
frea[934]:16.145405

